1	1	-0.967058215
10	10	-0.532369328
101-2	101-2	-0.907122679
102	102	0.678472619
103	103	0.366563132
104	104	-0.017076159
105	105	-0.585440511
106	106	-0.684199312
108	108	1.40726849
109	109	-0.509327262
11	11	0.443125783
111	111	-1.024548492
112	112	0.19329705
113	113	0.580138668
114	114	2.025744793
115	115	-0.055438258
116	116	-1.420447649
117	117	-0.592451866
119	119	1.957458131
12	12	-0.083930993
120	120	-0.36508097
121	121	1.616203529
123	123	-1.283563517
124	124	-1.621359578
125	125	0.239940817
126	126	-0.032993014
127	127	0.536349897
128	128	-0.759715678
129	129	0.107460458
13	13	-1.392986223
14	14	-0.795084435
15	15	-1.274431606
16	16	0.076085046
17	17	-0.425827678
19	19	1.071074504
20	20	0.89714586
21	21	-0.758130571
22	22	0.164806925
23	23	0.259243224
25	25	0.101450749
26	26	0.374196342
28	28	0.009371575
29	29	0.185800131
3	3	-0.087535776
30	30	2.781232208
32	32	0.016232371
33	33	-1.665427715
39	39	-0.329063812
4	4	0.141023982
42	42	-0.961391768
44	44	2.003518322
47	47	-0.525178198
48	48	0.132666904
51	51	1.040062684
52	52	-0.828460558
53	53	-0.30821668
54	54	-0.036896403
55	55	-0.157982865
56	56	-1.364849811
57	57	-0.693255706
58	58	-0.213838337
59	59	-0.740091279
60	60	1.936662604
62	62	2.695705142
63	63	-0.233470446
64	64	-0.185239867
65	65	1.091176812
67	67	-1.092350003
68	68	-0.541689786
69	69	-1.449554722
70	70	-0.092868287
72	72	1.363376643
73	73	0.271474819
75	75	-0.049617975
76	76	-0.664514067
77	77	-0.771497895
78	78	2.421664406
79	79	-0.423265673
82	82	0.165320026
83	83	1.238147698
84	84	1.944948874
86	86	-0.819145473
9	9	-0.817516611
92	92	-0.72327959
94	94	-0.799290824
97	97	0.684196676
99	99	-0.554533769
